155,35
10,313
10,123
10,217
10,19
10,105
10,243
10,241
10,79
11,25
11,11
11,16
9,5
8,11
8,10
8,9
153,3
153,2
153,1
153,0
152,6
152,5
152,4
152,3
152,2
152,1
152,0
151,5
151,4
151,3
151,2
151,1
151,0
150,3
150,2
150,1
150,0
149,3
149,2
149,1
149,0
148,3
148,2
148,1
148,0
20,3
20,2
20,1
19,3
19,2
19,1
12,3
12,2
12,1
11,30
11,27
11,26
11,15
11,13
11,12
11,5
11,3
11,2
11,1
10,312
10,304
18,1
10,266
18,3
10,264
10,154
14,1
10,138
14,3
13,1
10,136
10,18
10,3
13,3
10,2
10,1
9,7
9,6
9,4
9,3
9,2
9,1
8,18
8,15
8,14
8,13
8,12
8,6
8,5
8,3
8,2
8,1
3,3
3,2
3,1
2,3
2,2
2,1
0,536
0,472
0,386
0,278
0,243
0,0
155,34
